0.5972611645692419
0.5909231593248458
0.6495091844447884
0.6431233417185421
0.6653656367021726
0.6651899198092671
0.739052119732803
0.7322406789296179
0.6570407633019211
0.6520894485196144
0.7198005397026968
0.7194692820698362
0.6652065660348631
0.6546107453887968
0.7333078566342957
0.7217515278619129
<<<<<<< Updated upstream
0.64602745406491
0.6370244250329733
0.7001055579249794
0.6986785729916188
0.760560644576956
0.7534069817637825
0.7828817871882221
0.7755032018317779
0.7968037758913799
0.7867842379162928
0.8063816740891389
0.7952258241310096
0.8238248003043473
0.8088956639499005
0.8336669427882888
0.8174686953555037
0.8411386856462566
0.8221503174975779
0.8525503921960427
0.829148232179056
0.856743068733578
0.8329418657160308
0.8634634724853294
0.8382925752117149
0.8663320125277721
0.8394414026987294
0.876735265903519
0.8426329769774468
0.878774932175776
0.8431856510391281
0.8832462859863838
0.8455102863446201
0.8945454031519608
0.8534538678605319
0.8960030529262011
0.850641945388825
0.9032117967218019
0.8540734208175761
0.9084836576906004
0.8563890419570264
0.9148532057170715
0.8569932521818011
0.9196271163131379
0.8566604616048747
0.9253061813727613
0.8587041035965155
0.929682078361308
0.8568481303251962
0.9362966834130025
0.8595659697700928
0.9406968749885398
0.8601790449609197
0.9468085917109932
0.8600722675016561
0.9505586699032562
0.8579443275158598
0.9564708128713879
0.8605078941714528
0.9593531378436267
0.8623665406092533
0.962967894558175
0.8593633188841433
0.9685030432331753
0.8587158530957009
0.9704107452020135
0.8626186637251059
0.9729952541451076
0.8625469979967415
0.979699157488564
0.8585920419709517
0.9805674267687772
0.8613682186118037
0.9818968137190751
0.8591337747000583
0.9869842813727961
0.8606300019296533
0.9877583963064328
0.8610280053353916
0.9901213579863223
0.8623452174440649
0.9911383702849763
0.8566970280356727
0.9930589570601378
0.8607888750519713
0.9933890447422467
0.8602371707902228
0.9951845962563431
0.8586025108368925
0.9957723021390326
0.859555737137469
0.9945404760096561
0.8573023448270374
0.9966731531854205
0.8558925292581181
0.9969918477852657
0.8584781277788498
0.9979085289183162
0.8588834917174112
0.9984814734121766
0.8586520949667881
0.9976796168639386
0.858621645735566
0.9978149280045464
0.8583560200206494
0.9980943885122667
0.8573975841537674
0.9991021045710589
0.8600000049733331
0.999115272455082
0.8596987577608862
0.9990880476958315
0.8577880156600308
0.9993756093148098
0.8579736701804922
0.9990253793820852
0.8609897479713774
0.9992452051193896
0.8601740716279309
0.9992099571747651
0.8585071223101729
0.9992465950627032
0.8579812545132997
0.9995940188684519
0.8575179388120896
0.9995680600072308
0.8581144776707295
0.9997093308876185
0.8588568346525928
0.9996605381521451
0.85416052874487
0.9997517909522966
0.8592323212932258
0.9997047038394825
0.8573655807559862
0.9998576270249713
0.8588160160220896
0.9997604399302265
0.8593969137484808
0.9997239149553039
0.8567813881964904
0.9997002008366307
0.8558077587973287
0.9998081496549487
0.8581309394029217
0.9999173126857605
0.8585697241391658
0.9998071771717261
0.8575044983796881
0.9997732388590455
0.8579460806157384
0.9998126637900692
0.858934033213907
0.9998108547963401
0.8566014903089634
0.9998447549412413
0.8582977076913589
0.9998713539079357
0.8572874621280693
0.9998774917640213
0.8587904655238611
0.9998992140016871
0.8585357562748543
0.999902930589243
0.858638505334397
0.9999443243415739
0.8579068285851266
0.9998899392312012
0.857596405573316
0.9997344325641188
0.8565269773474629
0.9998719725440333
0.8593751429833235
0.9999161493636392
0.8590390451399594
0.9999204344920813
0.8590554695721542
0.9998721387329074
0.8568485530585004
0.9999150965690471
0.8588652893186732
0.999917139340427
0.8608234521495739
0.9999455838783063
0.8609681264062099
0.9998374068484721
0.8603660920146178
0.9999558828175498
0.860076457534699
0.9999084927479837
0.8592664383575269
0.9998615018497807
0.8591117304015866
0.9996580667884047
0.8603495805490957
0.9999075934196726
0.8563482854931856
0.9999417440406283
0.8594042742813037
0.9999829692185985
0.8611498395602778
0.6773599816341351
0.6822381263490743
0.7411630291625358
0.741550253051879
0.7612276683210267
0.7608123845620586
0.7772285553351344
0.7792219671859085
0.7961623879164639
0.7976318639351528
0.8130111409476315
0.8071927980546139
0.8275058376550527
0.8220299833443178
0.8369892321972289
0.8290412747198466
0.8489768601887909
0.8380154854270193
0.8541751701859779
0.841037132989082
0.8612500792189315
0.8486655048550467
0.862656966200951
0.8459207902409834
0.8768911475216429
0.8559505376645646
0.8834799515056023
0.8580718892802975
0.8897393197316201
0.862083773171711
0.8943933521495099
0.8643828695008015
0.9037323011662717
0.8679085375412265
0.9079650835704507
0.8651461313849317
0.9112878461579812
0.8705323641383794
0.9196885138977346
0.871127493546231
0.9221032282693024
0.8698040078681124
0.9285637632118362
0.8733179024887425
0.9322550120988158
0.8712298230348202
0.9384806743597639
0.871487644593804
0.9428276414704586
0.872987329488338
0.9485119010726595
0.8720030238464398
0.9529047971209808
0.8743608113642829
0.9575938845356247
0.8733818081590478
0.9603897697526491
0.8718464637497032
0.9638987455044272
0.8744762838593878
0.968926075847415
0.8751898511060707
0.9695625388446378
0.8704243426976376
0.9764266460135548
0.8727072929814387
0.9777659902069816
0.8757271940063065
0.9801751371462013
0.876377006362874
0.9827042868380481
0.8742404510780356
0.9856748038497225
0.8734761337325792
0.9850412585994526
0.8727718017725015
0.9881359134908569
0.872624489527386
0.9904781433828121
0.8742223700203146
0.9914755480948791
0.8718281816517297
0.9934105671023865
0.8719113620562557
0.9947960345384153
0.8728781269361119
0.9949637649375817
0.8726780667547123
0.995804011027291
0.8729502501267433
0.9960095388991462
0.8722229744478343
0.9973269472505057
0.8736237726681052
0.9972020353232011
0.8715778991022196
0.9972088153772102
0.8718960829970559
0.9977873318723662
0.8701405366860013
0.9981199082331705
0.8741575847989043
0.9984461589756832
0.8716431994892775
0.9983320670597068
0.8732116778452587
0.9985960688328467
0.8712868556414886
0.9988481149019061
0.8720721439982976
0.9987613676440388
0.8715993098891247
0.9992280231615654
0.870001743521591
0.9993258703885413
0.8683571965600204
0.9993359449032302
0.8690065817060508
0.9994838736427291
0.8714720765392409
0.9990613872149118
0.8691833589131925
0.9992599153491738
0.8715954398642617
0.9996064340832944
0.871510801917904
0.9997033605426126
0.8740884018219673
0.99972857022524
0.8714879461541828
0.9997811935640705
0.8702669533098589
0.9997688444915502
0.8715521408198512
0.9997735680851492
0.871644946026472
0.9995686064735074
0.8683083437786309
0.9997844539222446
0.8702660737587536
0.9998066268956899
0.8710982547544889
0.9998780319913387
0.872590777590023
0.999610263080926
0.8684770668106518
0.9994810930988813
0.870151706985038
0.9998560771153144
0.873193458572364
0.9998458281226886
0.8694067271988816
0.9999003960974329
0.8715746950231933
0.9999310193545916
0.8694470357695341
0.9999338871374079
0.8708125765554999
0.9998455148554839
0.8705751857121897
0.9998689956203738
0.8721311116173975
0.9999214777906915
0.8719351225011137
0.9999771925613299
0.8717977114884402
0.9998418135439784
0.8699111120627017
0.9999388312076727
0.8733310580602742
0.9997956704743384
0.8700248380206119
0.9999120678783256
0.874246695890883
0.9999505981583489
0.8714587073624408
0.9998688203493554
0.8729798281739116
0.9999741106465001
0.8707859261570104
0.9999521771836772
0.8712150591412676
0.9999524833131482
0.871873516228698
0.9998026646603607
0.8676072787226585
0.9999339870656808
0.8700549563634592
0.9999767690557922
0.869789532969923
0.9999185862154293
0.871848097201756
0.9999666112675425
0.8727352627065857
0.9999418401590014
0.8708672595042155
0.9999320844630878
0.8707783494524894
0.9998090085195277
0.8684228738975518
0.640352452847424
0.6294659730778477
0.732748905241964
0.7272177065069083
0.7653748651318448
0.7634514792151915
0.7860140666517894
0.7797253541626163
0.802833385138639
0.7933542133288197
0.8151957243190926
0.8057866322872576
0.8236020933225727
0.8134729663458697
0.8348953373881425
0.822604466524904
0.8399101691941814
0.826359183503177
0.8532205640053592
0.8360780693020071
0.8576566581295527
0.8394641107588345
0.8680379742544253
0.8453737409584463
0.873139686137279
0.8490352157100323
0.879573374118664
0.8548539650448732
0.8825764562735063
0.8524015833600912
0.8901575255362857
0.8550191846133961
0.8930298693653398
0.8552800961637492
0.8999879712185967
0.8585048452368452
0.9060446772256556
0.8604616944920969
0.9136773289598308
0.8597225755846696
0.9165013409541605
0.8556248802587466
0.9202795827295207
0.863842078782408
0.9267461034085946
0.8599825400647353
0.9367397533880727
0.864923140573971
0.9380726466984133
0.8621715983268323
0.9453470757367548
0.8655354278285214
0.950013048644897
0.8700510715860377
0.954225463481543
0.8648680842212686
0.958412148863597
0.8620004564121129
0.9638644550597832
0.8618743319050504
0.9684975018065114
0.8626830541647934
0.9721078890683548
0.8672570879624235
0.9764552797810312
0.8642774533072882
0.9794662263538835
0.8628994912944542
0.9841492278774753
0.8644796843826392
0.9839827507658039
0.8627499552098892
0.9837697809954193
0.8644756561770172
0.9894293580509634
0.8635384985587106
0.9900665533324482
0.8641191789208723
0.991767828370287
0.8630275730801105
0.9936508943135136
0.8621251034895272
0.9930475012178481
0.8644676376485846
0.9945151739719835
0.861242787554658
0.9954282694171774
0.859593837163614
0.9956127137418757
0.8607656914267208
0.9967358530676232
0.8628729859540132
0.9955713940627202
0.8638392501991499
0.9969590832540518
0.8594878789398692
0.9976951053357723
0.8639591619251277
0.9983096119019887
0.8616128647401287
0.9984946581964412
0.8632419392827428
0.9987657259687435
0.8623136588699296
0.9982650003987574
0.8634978629295829
0.9986126418920332
0.8630773258392042
0.9982056952890697
0.8637749504404432
0.9991800055137895
0.8613924499152612
0.9990900189562175
0.8618901164098387
0.9990539071075
0.863590195968794
0.9990854701242473
0.8615368086822554
0.999293165530695
0.8595289817903387
0.9993378578246039
0.8621835692952641
0.99943677016791
0.8610113109488348
0.9993492992102574
0.8623822898967501
0.9995017733965588
0.8653576690493944
0.9995442803818475
0.8641289274310296
0.9995238165784727
0.8650246538811672
0.9996677031909935
0.8638049283719376
0.9997152714746088
0.8623531075042972
0.9995726886018446
0.8573374485178905
0.9998016652232276
0.864446764219452
0.9996677293291539
0.8627098625677262
0.9997583709248659
0.8624758983239482
0.9998480351117931
0.8620108110472543
0.999806712264376
0.8607185399540163
0.9997513460962495
0.8619371668617126
0.9998442664643067
0.8628497637905682
0.9995239924170061
0.861463619090452
0.9997558727503867
0.8634967643280494
0.9998082512475761
0.8629089619973274
0.9999222579824641
0.8634244207857027
0.9998896248852726
0.8617862164855186
0.9998423124388025
0.861926105080757
0.9999209645395587
0.8654218046492513
0.9997694788509586
0.8609403438153052
0.999765157341777
0.8619981455606117
0.9994332827036638
0.8616344831978873
0.9999447938290977
0.8638493649098185
0.9997925818164657
0.8630879077712144
0.9997956613669968
0.8611384709194114
0.9998115834669907
0.8637698615160994
0.9999372858405474
0.8645177439805853
0.9999122914227079
0.8626515861760469
0.9991773481341516
0.8649499237216963
0.9999575999435492
0.8640684033258683
0.9999477688269874
0.8624898518261813
0.9999701256668256
0.8656384311929697
0.9996376601478749
0.8601044090693066
0.9999598145585916
0.8622844259670611
0.9999494749360007
0.8625883723912696
0.9999663031588876
0.8638159143872703
0.6451515625318888
0.6397284573530773
0.7169287814963592
0.7100650755395012
0.7634964425072925
0.7549171003925808
0.7905650032513736
0.775650954472464
0.8055306812362506
0.7888094983032843
0.8126517737317849
0.79431515428152
0.8282774275799301
0.8068446384034778
0.8358420922447233
0.8112434863485204
0.844819235589979
0.8182996927496191
0.8553496578110834
0.825826973998181
0.8607851595535205
0.830166724737184
0.8665643508684832
0.834092482019049
0.8739592936202938
0.8370905258514467
0.8787771213908805
0.8381871671619063
0.8850054903083061
0.8403393321504878
0.891010800766502
0.8438615381510277
0.8926224739371643
0.8452930177201969
0.9039687922816508
0.8497150162444698
0.9060817151638819
0.8491243446783442
0.9141119744765878
0.8519323884892065
0.9224954237059171
0.8554936211828026
0.9257864067187527
0.8528444637161434
0.9328697994613171
0.8558431335782662
0.9355337065826894
0.8542011202125818
0.9447665162605061
0.8574454441387916
0.9470656701756879
0.8556167737503032
0.9534820997102522
0.8577207219294657
0.9562628906707545
0.8575485637550926
0.960727826973158
0.8571580714538308
0.9660474442024924
0.8581891048491112
0.9693211100620825
0.8584830258049952
0.971529348327417
0.8572535910692702
0.9727807942307352
0.8570410790188242
0.9788774394365882
0.8593125151906114
0.9800839180499192
0.8538353185236737
0.9816319645531137
0.8567966895347814
0.9859851350896385
0.8589700018074732
0.9853097272195227
0.8545345311235185
0.9875485326376039
0.8549987947675735
0.9907018451949464
0.856060866716619
0.9919918028532408
0.8558355210568104
0.9921900186548056
0.8550817812679186
0.9928916201380257
0.8541893007713738
0.9938703579853481
0.8548107229175911
0.9948835190027645
0.8532935023172866
0.9958461120594645
0.8556351039006509
0.9958331017712102
0.8576310118698742
0.99581972715361
0.8546332184493663
0.9964833764726796
0.8544593199123579
0.9974411252984468
0.855596402743052
0.9969714428593981
0.8546282853351334
0.9979506593354693
0.8538906845925521
0.997487843591783
0.850604930019142
0.998329315793997
0.8544392243581855
0.9979340311536232
0.8523628340075173
0.9982686140799922
0.8538181152268309
0.9989246601075489
0.8575753202655387
0.9985257678922792
0.8540692533113091
0.9988901909001955
0.8534527767999193
0.9976085961481941
0.8540660104773337
0.9990395341821825
0.8544909594546589
0.9993890546117338
0.8535634212935148
0.9993359347581041
0.8534678140339138
0.9991811638419835
0.8562739922761955
0.9994748807631807
0.8536745540902956
0.9988839488828181
0.8522250949474243
0.9991524064297781
0.8530679563279662
0.9996514757214925
0.8550125924627124
0.9996794393878459
0.8519625506013566
0.9994194153905593
0.8527492320743775
0.9997373439414693
0.8538006239563145
0.9997937824465049
0.8539435841043139
0.9997827827164927
0.8548955499453276
0.9996766398462272
0.8537542101125036
0.9997319432946947
0.8544828586300175
0.9997087611533516
0.8557032534965137
0.9997914393087507
0.8551628646378997
0.9998547159342982
0.8545394892789404
0.9996423198630939
0.8509483574056788
0.9998576480314741
0.8536965903366152
0.9997503312110941
0.8530069059091847
0.999933746827509
0.854394676082955
0.9997337689101535
0.8481997363363127
0.9999306670936045
0.8549486247454126
0.9996063679384892
0.8508835633291418
0.9998894954962797
0.8531787761098844
0.9996820920864823
0.8523436900185271
0.999811785396166
0.853440393931959
0.9998179631201294
0.8555059790095738
0.9999294740935895
0.8523330850749856
0.9998145420755089
0.8511539706085555
0.9999028082017035
0.8524495516450232
0.9998644813895109
0.8516335218984947
0.9999508671317832
0.8528100821636468
0.9999629757247499
0.8541814879204057
0.9999134912271208
0.8510378796563528
0.9999233249444769
0.8555509655056119
0.9999506925076959
0.853902478992571
0.9995614450982694
0.8528323312600731
0.9999266348646781
0.8534243300092157
0.6289083246024145
0.6285094797723011
0.7164814669629065
0.7237506522216729
0.7567631929979589
0.7564622785388666
0.7818452778931668
0.7754183290963443
0.7913045970254683
0.7845642791430297
0.8120468507896964
0.8020072121986049
0.8230697388583543
0.8114455218361855
0.8356151346616203
0.8234001688910858
0.8429862045470964
0.8269403349575125
0.8488945628910098
0.8336924966064857
0.8566244450489042
0.8401011875338371
0.8617907034923791
0.8397757019474457
0.8676242208291414
0.8450699887798258
0.8712614937767045
0.8464339534833542
0.8780985374033775
0.852622298919568
0.8821745360280523
0.8507436920846769
0.8927206849658385
0.8551552483738594
0.8996914999098683
0.8582883153261305
0.9047519442780689
0.8578736151323274
0.9044692881970609
0.8566007407865106
0.9159974608005661
0.8624729180888042
0.9225687111152766
0.8651798832278008
0.9272563007461214
0.8624768534864926
0.9326743874473452
0.8671531848033331
0.9405236177884289
0.865788128977081
0.943860340008968
0.8670143302419008
0.9522439293951632
0.867116797699472
0.9551418764595713
0.8682487333168561
0.9595233050810262
0.8661554818005633
0.9635213558949574
0.8681397313827492
0.968676152762993
0.8687570493883828
0.9745296931416556
0.8689680529074374
0.9743036697886437
0.8669530679919026
0.9796607895593776
0.8655015314949509
0.983119698622335
0.8648233680727193
0.9832706870423609
0.8626028965507772
0.987439114869502
0.8661069084496543
0.9892121245049186
0.8653020644532321
0.9900003404475755
0.8666126377021397
0.9908708256346905
0.8659935910638767
0.993339675479561
0.8657404628518073
0.9934407826635986
0.8666654039066608
0.9951538604376899
0.8605618105085172
0.9958491986745115
0.8646442768283784
0.9964443083789144
0.8654647888567192
0.9970660800923592
0.8639373764211566
0.9971926019353191
0.8634225136132885
0.9983911394057329
0.8647809981835872
0.9978396478511149
0.8636773581981811
0.9978118733621844
0.8641411098753227
0.9988078245738286
0.8647862331206992
0.9983324604808679
0.863310311869846
0.9983758424082377
0.8617522866989935
0.9991094015914814
0.8644780093409914
0.9989437242870703
0.8640054428634198
0.9981806500706798
0.8662579737777464
0.9991691594781898
0.86570641737087
0.9995134313032815
0.8636055770347354
0.999476103373355
0.864839857511632
0.999643567508807
0.8655614942055253
0.9996453024666823
0.8640834397484484
0.9995965065769269
0.8642645048215365
0.9996277685386793
0.8641675297570007
0.9996708256602281
0.865987032067729
0.9996007450135763
0.8641463080330173
0.9994084064981722
0.8638197681033197
0.9998742514662309
0.8633073817762399
0.9998621897581687
0.8645397619832248
0.9990866915196057
0.8636210734293718
0.9995569473028332
0.8669598231449442
0.9999452315137685
0.8650793405597533
0.9997847119981099
0.8613572144544092
0.9996712773557926
0.8649679724831109
0.999690247771457
0.8642707205431193
0.9998136157259518
0.8668203188138001
0.9997958136535854
0.8621012130342333
0.999922800758938
0.868232280657361
0.9999206835357349
0.8676428659699172
0.9998773981722578
0.8641407175615344
0.9998393527965492
0.8674001831124607
0.9998709100363211
0.8649137964009133
0.9999644389498968
0.8667101644579399
0.9995688916977364
0.8613486938893204
0.9998177807421208
0.8635150996673179
0.9997380269471678
0.8649020024676536
0.9999205023786801
0.8645559571867961
0.9999107478294113
0.8633261392792411
0.9998519675523613
0.8632321433475351
0.9998824410419975
0.8636200681252894
0.9999494954879763
0.8644397710064419
0.9999002056060752
0.8621919968967979
0.9999018902868821
0.8645981063994225
0.9999229244564865
0.8639454924126513
0.9997071161268435
0.8650778203438239
0.9999733132514486
0.864821933675431
0.999981434195027
0.865863551302874
0.9999348385255393
0.8657143004260528
0.9999614350945873
0.8639009157584603
0.999871832580619
0.8615261300598671
0.9995973772480593
0.8612381594794782
0.6638786497507687
0.6495437460007407
0.731401791534788
0.7204577327221279
0.767493120966226
0.7559999578557856
0.7834184119784913
0.7680711511949417
0.791601191976936
0.7756374955604622
0.8119728020093957
0.7920182165916136
0.8095305939074502
0.7893807361001581
0.828280361113298
0.806152209955615
0.8285009078566868
0.8083692651555925
0.8443670805480704
0.8220204622411729
0.8539801562780696
0.8267320138845584
0.8566289456692207
0.8282123171611854
0.8634346314762955
0.8361606179713955
0.86959866704006
0.8406050194004275
0.8779286545947387
0.8429981737098755
0.8869203542142343
0.8512900111228874
0.8896832976445223
0.8507102709003145
0.8981300843497949
0.8516904546662405
0.8981462854579285
0.8533116837850994
0.9067958047114755
0.8568369370516129
0.913207831845862
0.8600923203318024
0.9216522647690927
0.861392187565276
0.9238698004242334
0.8557834297035117
0.930661278135639
0.8611580666537701
0.9341475733478513
0.8616896840641822
0.9386402712127758
0.861472310577377
0.9456692805715553
0.8631659689389789
0.9498687693479748
0.8650230096384063
0.9539919577533205
0.8597113684875705
0.9626174993987558
0.8655769977858361
0.9654173690319555
0.8628531094038075
0.9703021076936105
0.864161344224019
0.9725448134120579
0.8647548303211451
0.9756205352859217
0.8609629291405069
0.9789971629319905
0.861256970793937
0.9809224025968476
0.8633050448462221
0.9849413254017536
0.8646768512734353
0.9842741060137462
0.8629947458170948
0.9884124906402842
0.865444427279117
0.9889999448325848
0.8629656491575015
0.9884682367234151
0.8622281499094204
0.9922506343642143
0.8629643872813171
0.9943810545425957
0.8615535729534114
0.9931002028193884
0.8614349933457471
0.9954887664008064
0.8628188794809009
0.9961119327904284
0.8620722408189013
0.9961747027060341
0.860686823280611
0.9971257599533322
0.8629951256050726
0.9965329245475603
0.8614168982862864
0.9976228214124936
0.8615556801641272
0.997973796734129
0.8626653226255991
0.9983500762104182
0.8620875671014913
0.9983380478973047
0.8628141750104655
0.9986948410274525
0.8630443265250416
0.9988533832933431
0.8636505416450382
0.9979812547671569
0.8622776081051167
0.9990934084012452
0.863879063746677
0.9989923091125584
0.8630050735998472
0.999390954706304
0.8642531426536325
0.9990663299307285
0.8620330123961572
0.9992394833644925
0.8653188399706999
0.9995095361543883
0.8638248643268707
0.9996995835015801
0.8609236394616371
0.999473819966253
0.8654327273591541
0.999543072559968
0.8644891257513523
0.9995804122112002
0.8623443160257418
0.9982320806138151
0.858499808084559
0.9997224197369142
0.8617485389495236
0.9997601919923741
0.8607614087389702
0.9997137253497382
0.8620532881736842
0.9997149633002119
0.8635187674679496
0.9997974294787705
0.8657137949652121
0.9999119331132056
0.8630924370859776
0.9996635983325874
0.857933789234089
0.9992493869682824
0.8630840204943394
0.9998555828208493
0.8641807011596642
0.9998494138207131
0.8620767982746355
0.9999584189117481
0.8641253256222489
0.9997093027297673
0.8626643302763668
0.9998345967268422
0.862773819475013
0.9997952273476569
0.860587894637994
0.9997911814605189
0.8623527203661548
0.9998530973419487
0.8617084284385729
0.9996289013983238
0.8601818155310985
0.9999563381013774
0.8639276398541664
0.9998466258381182
0.862619429536405
0.9999155519832555
0.8631107281650396
0.9996662410495563
0.8601960147009802
0.9999249814783534
0.8635942840194163
0.9999452627946248
0.8647767600140595
0.9999185842036616
0.86269742083534
0.9998979085949762
0.8620802776225615
0.9996492314025249
0.8607872343214641
0.9999301136650367
0.8619108431795409
0.9998323594765661
0.8628439822411141
0.9998966594702234
0.8660246698019184
0.9998866321512025
0.8631483271748466
0.9999050641243101
0.8629963507275819
0.999895636225538
0.8640838307228629
0.9999061248826464
0.8641583671763217
=======
0.6530854371799498
0.6514517631978506
0.7308412637691226
0.7306931834326973
0.7681437538536434
0.7632376561540193
0.7803811459115042
0.7739673786618899
0.8037955429254529
0.7919634583406985
0.814600994090907
0.8005000014659958
0.8236915362733443
0.8100783706435886
0.8310934130520117
0.8158480330883695
0.8441919296621876
0.8253017180824516
0.8524965904980017
0.8313962601006487
0.8579124422446798
0.8366373068295873
0.867966326674736
0.840917529984956
0.8733310274211514
0.8398661004179282
0.8781223747175015
0.8420798410125091
0.8869091651861849
0.8446102366957031
0.8876527690547943
0.8437326270182227
0.9013337838455917
0.8537006280574397
0.9050124819607106
0.855288388453698
0.9106224671589724
0.8582269521485559
0.9169075717538683
0.856641042882563
0.9214908179731314
0.856566550418999
0.9269269618276041
0.8581821647350888
0.9348956981682692
0.8606299925542322
0.9377543450760147
0.8618698522738415
0.9448623863437959
0.8633348044642405
0.9488844270182406
0.8625863018049986
0.9560449101105755
0.8640824498886613
0.9614025053584001
0.8673569005489832
0.9645660293750761
0.8637954750027593
0.9682987854299414
0.8654390053571462
0.973113950542084
0.8672413602035617
0.9755846097082921
0.8616052151880541
0.9795341343714331
0.86450758866504
0.9810034033890742
0.8628625550437932
0.9831531873375378
0.8617361360654789
0.9866169325879762
0.8598803966100017
0.9888915001945272
0.8634160554168271
0.990141554161799
0.8621299422879702
0.9915546011405593
0.8629340161262516
0.9925700471965128
0.861329955844704
0.9935275779511611
0.8615560546346313
0.9943184348965285
0.862077166439868
0.995427606089699
0.8591803712010645
0.9960380784926088
0.863022684023593
0.9958253318796738
0.8584316697627337
0.9974533826243801
0.863400997900843
0.9966396376066557
0.8624099599057609
0.9975337239099876
0.8604907974972321
0.9977947209463599
0.8579838950176071
0.9983950528626985
0.8602634811853853
0.9982626809393265
0.8632920421127415
0.9985995669912022
0.8629512229411344
0.998957240642883
0.8617565233457841
0.9990932917733829
0.8623176642900473
0.9987423100475067
0.8603929609144156
0.9993228723893588
0.8622963700801491
0.9993305847264791
0.8618927367164508
0.9991984235661613
0.8610882404726053
0.9987982171348048
0.8614253076889093
0.9991829813946106
0.8635234333959105
0.9993866031602961
0.8642531638549446
0.9990005623921806
0.8597277839645009
0.9996415819173049
0.8639761154997946
0.9995953094852481
0.8642282295029813
0.9995773834909868
0.8671616994836862
0.9995108125884773
0.8643369243935287
0.9996483271303725
0.862989910321311
0.9997089934860346
0.8632936447691457
0.9997761982683713
0.8622638696991145
0.999579501460849
0.8618170018835809
0.9997570053097878
0.8611927485785928
0.9996572014479539
0.8629880094962734
0.9995795801987446
0.8594552702573162
0.9998757110385907
0.8609382989211115
0.9998489751486626
0.8628053315135771
0.9997725731438389
0.8608185345200512
0.9998780970354311
0.8628733015382868
0.9999234476773751
0.8603436512766761
0.9997448001406173
0.8620760731548792
0.9997872120297863
0.8590080545783769
0.9995562531029689
0.8597674528164287
0.9998499661326837
0.8609728367878074
0.9999194423840124
0.8616271430062983
0.9999535152142246
0.860919352789201
0.9999303901328481
0.862924126866579
0.9998058100798244
0.8594183594652465
0.9999269360047557
0.8621160774465196
0.9999701639048441
0.8611897917396454
0.999844600821122
0.8613736748205683
0.9998984615184632
0.8643898990207197
0.9999697535133876
0.8647813571652232
0.999957946010357
0.8638799685392335
0.9999258988914626
0.8640174242792059
0.999949044651478
0.8657613877682581
0.9999224893019775
0.8639403104164068
0.999955078042155
0.8634518108054424
0.9999423455676827
0.8624328070772909
0.9993751106088485
0.8612834912326743
0.9999639849683599
0.8632455775007117
0.9999135449951555
0.8623553826221655
0.6943778808193535
0.6906299667125446
0.736122726397721
0.7316215454041011
0.758099346796717
0.7535602802846507
0.7756138611918677
0.7708169921564313
0.7944599889260399
0.7846237052344921
0.8068406463016808
0.7949693006535294
0.8182785785769033
0.8071546085698477
0.8313713349459075
0.815611210523002
0.837446407238621
0.816086024074219
0.8472656674825936
0.8271451637864025
0.8592627489450914
0.8356949214809515
0.8587270770922021
0.8335406566519892
0.8696728926780565
0.841156613545215
0.8768653935188595
0.8455022510369596
0.8844851850375127
0.851120906663905
0.8869709176411567
0.8512984775171885
0.8937492709617348
0.8529672880285788
0.8997961784332442
0.8564602789508773
0.9079670217730269
0.8600535112861754
0.9130904217228628
0.86177448361881
0.9199861489472765
0.86285707126489
0.9230809731411602
0.8615609572727627
0.9316554590511381
0.8661964575760981
0.935404336085227
0.8652444767557607
0.9409275737129967
0.8638406311337643
0.9473506005302634
0.8675489995031694
0.9515825672106688
0.8689487628956771
0.9572145108018897
0.8693182720886128
0.961043905836054
0.8654652358807818
0.9656635653421825
0.867750916626016
0.969740445156626
0.8642928882217406
0.9728053249760875
0.8697000034521195
0.9761573951587553
0.8671016092173163
0.980307544685435
0.867286179929573
0.9815977167786374
0.869575060260082
0.982418276747632
0.864064908576693
0.9875743917484706
0.8656007953212796
0.987471422649632
0.8645526307995365
0.9908285513918739
0.8671750035354804
0.9922823354483609
0.8673190829444304
0.9932042317960669
0.8660058677206615
0.9939843113183789
0.8661691201233663
0.9947069224438245
0.8632001256493075
0.9943598114115363
0.8612398586631628
0.9964773887685793
0.865546279782132
0.9952638308304552
0.8626760556473831
0.9961343627286339
0.8615540432264215
0.995876751253135
0.8634562886144587
0.9974373811212564
0.8636875168805707
0.9980509918190635
0.8625605763627486
0.9975891626466665
0.8640631555472129
0.9985006186828235
0.8645169695215106
0.9978404188029592
0.8620341403839736
0.9987833481928954
0.8645125072646522
0.9984286696703971
0.862433144604386
0.9990835827609921
0.8620604113082808
0.9986263580827968
0.8614896960114484
0.9992115094952124
0.8636525175857052
0.9990669882277304
0.8622680533595694
0.9994346511046742
0.8645440250184521
0.9994599279424269
0.861899144855057
0.9996079420818534
0.8638698932412401
0.9990290015495713
0.861110109963739
0.9995757800489588
0.8635046869388465
0.999726965463941
0.8619630875247655
0.9989801827389524
0.8583596189683773
0.9994389475685879
0.8596529256615468
0.999475702923601
0.8615340366242428
0.9997336351974827
0.8608047641015653
0.9996099985431284
0.8588320175069537
0.9996730817097006
0.8632433139210449
0.9998101168835771
0.8626985998516765
0.9996708353230147
0.8625459514384844
0.9998792026507357
0.8630398644297715
0.9996407026191936
0.8644796165087419
0.9998811314310624
0.8637269784322943
0.9995740076777937
0.8627695668982529
0.9999066779948181
0.862928418338836
0.9999326347336209
0.8654585302365467
0.9996936471204574
0.8622219474583476
0.9999344382270171
0.8642483269478929
0.9999071232821258
0.864801364842555
0.9999027007332759
0.8613891971605532
0.999935945660214
0.8643652037525326
0.9996768107913998
0.8627007696853687
0.9999109225883466
0.8656452462646005
0.9998431495409386
0.8648308476110842
0.9999324376261569
0.8625994127081544
0.9999106680244556
0.8615290104558032
0.999966212429031
0.8623421219198414
0.9999420671636836
0.8623686257641492
0.9999518977987043
0.8604716762413949
0.999957025784794
0.8654273189564321
0.9998609618312455
0.8621968411340448
0.9999827774360734
0.8645126053362315
0.9997830900188256
0.8627889973299031
0.9999243083397739
0.8631652244260214
0.9996450294073324
0.8621220983316652
0.9997471310737281
0.8603825904705416
0.9999643339230777
0.863596825187606
0.6558182256338463
0.6578408585547141
0.7262810475263786
0.7227875899829453
0.7616494349151206
0.7629488052904656
0.7870205521695975
0.7755402057790947
0.8004533181117085
0.7918825428278243
0.8181529115503475
0.805687104519685
0.8304485929201251
0.8134473283369879
0.839332700855028
0.8239143021604156
0.8454415940175002
0.8285298035202882
0.8492925584307996
0.8290940503878157
0.8560165092511854
0.8344487863319102
0.866971414745437
0.8394551122279403
0.8727771604863365
0.8440572829651638
0.8747438922636278
0.8456998442714924
0.8850973169751608
0.8498100119163093
0.8909119774365839
0.8510762222888906
0.8972830718638406
0.8524468041068356
0.9036644919059212
0.855956919800738
0.9083750043032672
0.8528931252798748
0.9152927813011985
0.8584921607242237
0.923788511550908
0.8608620795642127
0.9239769963721296
0.8591671523916528
0.9312872517153504
0.8608216404433152
0.9345676779917244
0.8616088553301197
0.9406947282662991
0.8607205115818386
0.9474944554041135
0.8639368317823514
0.9530111252864897
0.865367420037757
0.9551670751682856
0.8595186186682089
0.9610394455012975
0.8610633061206417
0.9679194568195012
0.8637954377316801
0.9700687411403455
0.8637022848811458
0.9749523592929153
0.8617603249958591
0.9771441223485162
0.8611042049181823
0.9783105581351355
0.8578020991171177
0.9829896276316068
0.8610621010224152
0.9845689074739669
0.8635133329334561
0.9873857476048387
0.8600255798870549
0.9894553251462304
0.8572981444319915
0.9893748492941802
0.8623738566537399
0.991693762239538
0.8580488709322902
0.9933927422270615
0.8608628001384098
0.9939975760708676
0.8597646947565704
0.9944652795781459
0.8586664775614934
0.9952047933834294
0.860239491034094
0.9957053872705149
0.8592576217244869
0.9968491922807489
0.8601072408215122
0.9974158874406406
0.8611032855648961
0.997815224609179
0.8600423642963735
0.9981534209038683
0.8609207815139025
0.9981557877705179
0.8582270763854865
0.9982552438888986
0.8572386349422528
0.9985117888513935
0.8586789757967078
0.9988443471361091
0.8602853841562431
0.9990633276343541
0.8582333006557075
0.998336072862183
0.8570746297702199
0.9994124030852611
0.8575548924726881
0.9992588661317579
0.8576887453416742
0.9993074942660229
0.8584673257618047
0.9994154777850153
0.857920695691031
0.999693719820452
0.8602520638114669
0.9993375620619119
0.8599438444104389
0.9987897636599504
0.8580837566623918
0.9995796218959475
0.8591929812495164
0.9997567440075498
0.8587141596954425
0.9990220188125146
0.8571442148750269
0.9998399334849389
0.8593783303262198
0.9993652192486556
0.8571724663530363
0.9996843279090714
0.8598898510404172
0.9998364953248156
0.8590994681118834
0.9996130785422381
0.8560553030260489
0.9997999440958187
0.857949990759257
0.9998203352564492
0.8581297491740852
0.9994524449653754
0.8563053422724952
0.9998929947222644
0.8588498885420801
0.9997589446527178
0.8598895528717839
0.9997715766900162
0.8571017755395473
0.999955530584052
0.8596916434414007
0.9998966993139493
0.8583822607354499
0.9996773728523333
0.8572781547098643
0.9998658886909603
0.8582183922240402
0.9999060013543852
0.8602797437995957
0.9998800715985434
0.8592816118757785
0.9999185467020114
0.8599381792064054
0.9999686151573463
0.8604436123110052
0.9999545062143459
0.8567757902574492
0.9999351966863242
0.860274935830383
0.9999390571603561
0.8573117607995808
0.9998401561740057
0.8607474585720772
0.9998507036825777
0.857774431552682
0.9999132610179539
0.8578611862012923
0.9999664248513135
0.8601461394044708
0.999823995310321
0.8583276461807754
0.9999324210261739
0.860038276901358
0.9999780603550391
0.8587538409710637
0.9997124034331331
0.8582029744209578
0.9999950515308148
0.8610440369727118
0.9999660725253975
0.859880955676189
0.9999182325513639
0.8571001604594499
0.9999731309734881
0.8588822522624913
0.9999482184294891
0.8573349682582097
0.6106083505376475
0.601416310246736
0.6985784743785461
0.6872948689283797
0.7585369296680897
0.746878405403571
0.7894882857574241
0.7758825318955682
0.8032842916141987
0.7877367437431437
0.8129195247914517
0.795435975321982
0.8239460890434324
0.8037497342956634
0.8300558126213482
0.8079108466803679
0.8357456948147451
0.8186727350284886
0.844065009704039
0.82369146231204
0.854368257434722
0.830718805144046
0.8615140867114747
0.8370298820741964
0.8650788411237733
0.8385936585380628
0.8700853213861269
0.8436587863266427
0.8767246757332896
0.8470109311049573
0.880606679467166
0.8500900229380859
0.8886534363622417
0.8526331504572496
0.8947272282179611
0.8564714578303819
0.9005400097718119
0.8581581372905789
0.9063526767794275
0.8584826925619717
0.910254788150365
0.8612062830404988
0.9151836999294382
0.8634638699451193
0.921723742690566
0.8593973460698622
0.9242944187359561
0.8659703164871942
0.9248687925374603
0.8601131154441088
0.9324112214493986
0.8623203544492126
0.9399288813288658
0.864453511535106
0.9469614044923734
0.8658911079204247
0.9470801968930148
0.8661622740606978
0.954864346998067
0.8625382928298384
0.9599266478681872
0.8676534085354187
0.9643056764672384
0.8683902182670817
0.9675204380393132
0.8660709626334673
0.9720590136349856
0.867474112415936
0.9735465993430925
0.8666687446347089
0.9781577375924695
0.8641718190095297
0.9808556633688763
0.8641295272704632
0.9840169366218096
0.8631130607764192
0.9837876421043096
0.8653159055121863
0.9876622106738686
0.8655465425864033
0.9903316653471153
0.8654581110193031
0.9911446007747425
0.8635750176503152
0.9913111748647174
0.8606505321013292
0.9940248801805015
0.8645558582884386
0.993751818660124
0.8621536204782285
0.9951691716167717
0.8642779021331175
0.9964646998793814
0.8635874060141511
0.9969098408681699
0.8601651887770659
0.9973022221791472
0.8631686718685878
0.9973809051018422
0.859637603366497
0.9974813032861927
0.8615109523811652
0.9980637366880888
0.8636525256100251
0.9982819448800205
0.8626354508696606
0.9980242850555359
0.8611979041371027
0.9988239752792422
0.8616009107706619
0.9988373954843556
0.8638399647822897
0.9989675669398336
0.8613454100764418
0.9991875498029531
0.8608903797626867
0.9988737122091765
0.8620727361307798
0.9987113628070895
0.8533752854475155
0.9991823419265452
0.8598172594684961
0.9994717318536775
0.8615660297061546
0.9993959961101625
0.8610835786552116
0.9996498902271609
0.8626592097157346
0.9994927479060216
0.8630981897745402
0.9997408630063552
0.8617211821706667
0.9997666200001061
0.8601433788018561
0.9996802505477442
0.8606163337622836
0.9994257200627719
0.8597846996705589
0.9995423663124207
0.8630603791971417
0.9997825769270561
0.8569227145343112
0.9998287692873747
0.8586958766907449
0.9997917119893239
0.8576891669642107
0.9998781403057235
0.8631349948835314
0.9998447524645036
0.8598767062364413
0.9996829988619322
0.8618705625017284
0.9997626761095867
0.8595146258910249
0.9995293303144716
0.859542704527294
0.9998326352228172
0.8618451651145463
0.9999517959214235
0.8610826352527551
0.9996191616086124
0.8628883696203158
0.9999118081488523
0.8628654921107474
0.9997584530126188
0.8621671260291839
0.9988898886830775
0.860737101689897
0.999807352323207
0.8637138715960735
0.9998126803140699
0.8584460736508339
0.9998816093066424
0.8609403304401165
0.99987430300684
0.8626423526034208
0.999802537404023
0.8575731657016403
0.9999070799348049
0.859323090365989
0.9998186574002664
0.8593601685651648
0.9999054325372119
0.8605746999222985
0.9999584523304323
0.8584432682698451
0.9998240649371264
0.8536241202585895
0.9998838302308718
0.8606068376717682
0.999877225526761
0.86198662583025
0.9993859645645111
0.8576116590045009
0.9998717583304035
0.858086376637939
0.9999544209393165
0.8616552308910482
0.999941205962875
0.8621419644926156
>>>>>>> Stashed changes
